{
 "cells": [
  {
   "cell_type": "markdown",
   "id": "092df74c",
   "metadata": {},
   "source": [
    "# 数据预处理"
   ]
  },
  {
   "cell_type": "code",
   "execution_count": 1,
   "outputs": [],
   "source": [
    "import pandas as pd\n",
    "import numpy as np\n",
    "import datetime\n",
    "import matplotlib.pyplot as plt  # matplotlib图形展示库\n",
    "import matplotlib.dates as mdates\n",
    "from statsmodels.graphics.tsaplots import acf,plot_acf      #自相关图\n",
    "from statsmodels.graphics.tsaplots import pacf,plot_pacf     #偏自相关图\n",
    "from statsmodels.tsa.stattools import adfuller as ADF\n",
    "from statsmodels.stats.diagnostic import acorr_ljungbox\n",
    "from statsmodels.tsa.arima.model import ARIMA\n",
    "import pmdarima as pm\n",
    "from sklearn.metrics import mean_absolute_error,mean_squared_error, r2_score\n",
    "\n",
    "\n",
    "plt.rcParams['font.sans-serif'] = ['SimHei']  # 用来正常显示中文标签\n",
    "plt.rcParams['axes.unicode_minus'] = False  # 解决坐标轴负数的负号显示问题\n",
    "plt.rcParams['figure.figsize'] = (12, 6)"
   ],
   "metadata": {
    "collapsed": false,
    "pycharm": {
     "name": "#%%\n"
    }
   }
  },
  {
   "cell_type": "code",
   "execution_count": 2,
   "outputs": [
    {
     "data": {
      "text/plain": "              日期     股票代码    名称    收盘价    最高价    最低价    开盘价    前收盘    涨跌额  \\\n0     2022-08-03  '000625  长安汽车  18.57  20.88  18.22  20.06  19.93  -1.36   \n1     2022-08-02  '000625  长安汽车  19.93  20.59  19.00  19.66  20.10  -0.17   \n2     2022-08-01  '000625  长安汽车  20.10  20.10  18.01  18.40  18.34   1.76   \n3     2022-07-29  '000625  长安汽车  18.34  18.51  17.61  17.80  17.80   0.54   \n4     2022-07-28  '000625  长安汽车  17.80  18.31  17.21  17.47  17.35   0.45   \n...          ...      ...   ...    ...    ...    ...    ...    ...    ...   \n6107  1997-05-29  '000625  长安汽车   0.00   0.00   0.00   0.00   6.36   None   \n6108  1997-05-28  '000625  长安汽车   0.00   0.00   0.00   0.00   6.36   None   \n6109  1997-05-27  '000625  长安汽车   0.00   0.00   0.00   0.00   6.36   None   \n6110  1997-05-26  '000625  长安汽车   0.00   0.00   0.00   0.00   6.36   None   \n6111  1997-05-23  '000625  长安汽车   0.00   0.00   0.00   0.00   6.36   None   \n\n          涨跌幅     换手率        成交量          成交金额           总市值          流通市值  \n0     -6.8239  7.0541  536424435  1.055425e+10  1.842478e+11  1.412147e+11  \n1     -0.8458  6.4033  486934323  9.638677e+09  1.977415e+11  1.515568e+11  \n2      9.5965  6.7784  515463044  9.929775e+09  1.994282e+11  1.528495e+11  \n3      3.0337  5.0166  381485655  6.935122e+09  1.819658e+11  1.394657e+11  \n4      2.5937   4.386  333534226  5.942254e+09  1.766080e+11  1.353593e+11  \n...       ...     ...        ...           ...           ...           ...  \n6107     None    None          0  0.000000e+00  3.219368e+09  0.000000e+00  \n6108     None    None          0  0.000000e+00  3.219368e+09  0.000000e+00  \n6109     None    None          0  0.000000e+00  3.219368e+09  0.000000e+00  \n6110     None    None          0  0.000000e+00  3.219368e+09  0.000000e+00  \n6111     None    None          0  0.000000e+00  3.219368e+09  0.000000e+00  \n\n[6112 rows x 15 columns]",
      "text/html": "<div>\n<style scoped>\n    .dataframe tbody tr th:only-of-type {\n        vertical-align: middle;\n    }\n\n    .dataframe tbody tr th {\n        vertical-align: top;\n    }\n\n    .dataframe thead th {\n        text-align: right;\n    }\n</style>\n<table border=\"1\" class=\"dataframe\">\n  <thead>\n    <tr style=\"text-align: right;\">\n      <th></th>\n      <th>日期</th>\n      <th>股票代码</th>\n      <th>名称</th>\n      <th>收盘价</th>\n      <th>最高价</th>\n      <th>最低价</th>\n      <th>开盘价</th>\n      <th>前收盘</th>\n      <th>涨跌额</th>\n      <th>涨跌幅</th>\n      <th>换手率</th>\n      <th>成交量</th>\n      <th>成交金额</th>\n      <th>总市值</th>\n      <th>流通市值</th>\n    </tr>\n  </thead>\n  <tbody>\n    <tr>\n      <th>0</th>\n      <td>2022-08-03</td>\n      <td>'000625</td>\n      <td>长安汽车</td>\n      <td>18.57</td>\n      <td>20.88</td>\n      <td>18.22</td>\n      <td>20.06</td>\n      <td>19.93</td>\n      <td>-1.36</td>\n      <td>-6.8239</td>\n      <td>7.0541</td>\n      <td>536424435</td>\n      <td>1.055425e+10</td>\n      <td>1.842478e+11</td>\n      <td>1.412147e+11</td>\n    </tr>\n    <tr>\n      <th>1</th>\n      <td>2022-08-02</td>\n      <td>'000625</td>\n      <td>长安汽车</td>\n      <td>19.93</td>\n      <td>20.59</td>\n      <td>19.00</td>\n      <td>19.66</td>\n      <td>20.10</td>\n      <td>-0.17</td>\n      <td>-0.8458</td>\n      <td>6.4033</td>\n      <td>486934323</td>\n      <td>9.638677e+09</td>\n      <td>1.977415e+11</td>\n      <td>1.515568e+11</td>\n    </tr>\n    <tr>\n      <th>2</th>\n      <td>2022-08-01</td>\n      <td>'000625</td>\n      <td>长安汽车</td>\n      <td>20.10</td>\n      <td>20.10</td>\n      <td>18.01</td>\n      <td>18.40</td>\n      <td>18.34</td>\n      <td>1.76</td>\n      <td>9.5965</td>\n      <td>6.7784</td>\n      <td>515463044</td>\n      <td>9.929775e+09</td>\n      <td>1.994282e+11</td>\n      <td>1.528495e+11</td>\n    </tr>\n    <tr>\n      <th>3</th>\n      <td>2022-07-29</td>\n      <td>'000625</td>\n      <td>长安汽车</td>\n      <td>18.34</td>\n      <td>18.51</td>\n      <td>17.61</td>\n      <td>17.80</td>\n      <td>17.80</td>\n      <td>0.54</td>\n      <td>3.0337</td>\n      <td>5.0166</td>\n      <td>381485655</td>\n      <td>6.935122e+09</td>\n      <td>1.819658e+11</td>\n      <td>1.394657e+11</td>\n    </tr>\n    <tr>\n      <th>4</th>\n      <td>2022-07-28</td>\n      <td>'000625</td>\n      <td>长安汽车</td>\n      <td>17.80</td>\n      <td>18.31</td>\n      <td>17.21</td>\n      <td>17.47</td>\n      <td>17.35</td>\n      <td>0.45</td>\n      <td>2.5937</td>\n      <td>4.386</td>\n      <td>333534226</td>\n      <td>5.942254e+09</td>\n      <td>1.766080e+11</td>\n      <td>1.353593e+11</td>\n    </tr>\n    <tr>\n      <th>...</th>\n      <td>...</td>\n      <td>...</td>\n      <td>...</td>\n      <td>...</td>\n      <td>...</td>\n      <td>...</td>\n      <td>...</td>\n      <td>...</td>\n      <td>...</td>\n      <td>...</td>\n      <td>...</td>\n      <td>...</td>\n      <td>...</td>\n      <td>...</td>\n      <td>...</td>\n    </tr>\n    <tr>\n      <th>6107</th>\n      <td>1997-05-29</td>\n      <td>'000625</td>\n      <td>长安汽车</td>\n      <td>0.00</td>\n      <td>0.00</td>\n      <td>0.00</td>\n      <td>0.00</td>\n      <td>6.36</td>\n      <td>None</td>\n      <td>None</td>\n      <td>None</td>\n      <td>0</td>\n      <td>0.000000e+00</td>\n      <td>3.219368e+09</td>\n      <td>0.000000e+00</td>\n    </tr>\n    <tr>\n      <th>6108</th>\n      <td>1997-05-28</td>\n      <td>'000625</td>\n      <td>长安汽车</td>\n      <td>0.00</td>\n      <td>0.00</td>\n      <td>0.00</td>\n      <td>0.00</td>\n      <td>6.36</td>\n      <td>None</td>\n      <td>None</td>\n      <td>None</td>\n      <td>0</td>\n      <td>0.000000e+00</td>\n      <td>3.219368e+09</td>\n      <td>0.000000e+00</td>\n    </tr>\n    <tr>\n      <th>6109</th>\n      <td>1997-05-27</td>\n      <td>'000625</td>\n      <td>长安汽车</td>\n      <td>0.00</td>\n      <td>0.00</td>\n      <td>0.00</td>\n      <td>0.00</td>\n      <td>6.36</td>\n      <td>None</td>\n      <td>None</td>\n      <td>None</td>\n      <td>0</td>\n      <td>0.000000e+00</td>\n      <td>3.219368e+09</td>\n      <td>0.000000e+00</td>\n    </tr>\n    <tr>\n      <th>6110</th>\n      <td>1997-05-26</td>\n      <td>'000625</td>\n      <td>长安汽车</td>\n      <td>0.00</td>\n      <td>0.00</td>\n      <td>0.00</td>\n      <td>0.00</td>\n      <td>6.36</td>\n      <td>None</td>\n      <td>None</td>\n      <td>None</td>\n      <td>0</td>\n      <td>0.000000e+00</td>\n      <td>3.219368e+09</td>\n      <td>0.000000e+00</td>\n    </tr>\n    <tr>\n      <th>6111</th>\n      <td>1997-05-23</td>\n      <td>'000625</td>\n      <td>长安汽车</td>\n      <td>0.00</td>\n      <td>0.00</td>\n      <td>0.00</td>\n      <td>0.00</td>\n      <td>6.36</td>\n      <td>None</td>\n      <td>None</td>\n      <td>None</td>\n      <td>0</td>\n      <td>0.000000e+00</td>\n      <td>3.219368e+09</td>\n      <td>0.000000e+00</td>\n    </tr>\n  </tbody>\n</table>\n<p>6112 rows × 15 columns</p>\n</div>"
     },
     "execution_count": 2,
     "metadata": {},
     "output_type": "execute_result"
    }
   ],
   "source": [
    "df = pd.read_csv('000625_source.csv', sep=',')\n",
    "df"
   ],
   "metadata": {
    "collapsed": false,
    "pycharm": {
     "name": "#%%\n"
    }
   }
  },
  {
   "cell_type": "markdown",
   "id": "6f239c23",
   "metadata": {},
   "source": [
    "## 缺失值检查"
   ]
  },
  {
   "cell_type": "code",
   "execution_count": 3,
   "id": "50fed9f9",
   "metadata": {
    "ExecuteTime": {
     "end_time": "2022-08-03T06:54:15.921295Z",
     "start_time": "2022-08-03T06:54:15.906334Z"
    },
    "scrolled": false
   },
   "outputs": [
    {
     "data": {
      "text/plain": "日期      False\n股票代码    False\n名称      False\n收盘价     False\n最高价     False\n最低价     False\n开盘价     False\n前收盘     False\n涨跌额     False\n涨跌幅     False\n换手率     False\n成交量     False\n成交金额    False\n总市值     False\n流通市值    False\ndtype: bool"
     },
     "execution_count": 3,
     "metadata": {},
     "output_type": "execute_result"
    }
   ],
   "source": [
    "na_cols = df.isnull().any(axis=0)\n",
    "na_cols"
   ]
  },
  {
   "cell_type": "code",
   "execution_count": 4,
   "id": "8d8ed4a2",
   "metadata": {
    "ExecuteTime": {
     "end_time": "2022-08-03T06:54:15.968167Z",
     "start_time": "2022-08-03T06:54:15.954206Z"
    }
   },
   "outputs": [
    {
     "data": {
      "text/plain": "0       False\n1       False\n2       False\n3       False\n4       False\n        ...  \n6107    False\n6108    False\n6109    False\n6110    False\n6111    False\nLength: 6112, dtype: bool"
     },
     "execution_count": 4,
     "metadata": {},
     "output_type": "execute_result"
    }
   ],
   "source": [
    "na_rows = df.isnull().any(axis=1)\n",
    "na_rows"
   ]
  },
  {
   "cell_type": "markdown",
   "id": "fc63f25d",
   "metadata": {},
   "source": [
    "## 日期格式转换"
   ]
  },
  {
   "cell_type": "code",
   "execution_count": 5,
   "id": "3c8b5936",
   "metadata": {
    "ExecuteTime": {
     "end_time": "2022-08-03T06:54:16.016039Z",
     "start_time": "2022-08-03T06:54:16.001081Z"
    }
   },
   "outputs": [
    {
     "data": {
      "text/plain": "0       2022-08-03\n1       2022-08-02\n2       2022-08-01\n3       2022-07-29\n4       2022-07-28\n           ...    \n6107    1997-05-29\n6108    1997-05-28\n6109    1997-05-27\n6110    1997-05-26\n6111    1997-05-23\nName: 日期, Length: 6112, dtype: object"
     },
     "execution_count": 5,
     "metadata": {},
     "output_type": "execute_result"
    }
   ],
   "source": [
    "df.iloc[:, 0]"
   ]
  },
  {
   "cell_type": "code",
   "execution_count": 6,
   "id": "486e6989",
   "metadata": {
    "ExecuteTime": {
     "end_time": "2022-08-03T06:54:16.062915Z",
     "start_time": "2022-08-03T06:54:16.047954Z"
    },
    "scrolled": true
   },
   "outputs": [
    {
     "data": {
      "text/plain": "日期      datetime64[ns]\n股票代码            object\n名称              object\n收盘价            float64\n最高价            float64\n最低价            float64\n开盘价            float64\n前收盘            float64\n涨跌额             object\n涨跌幅             object\n换手率             object\n成交量              int64\n成交金额           float64\n总市值            float64\n流通市值           float64\ndtype: object"
     },
     "execution_count": 6,
     "metadata": {},
     "output_type": "execute_result"
    }
   ],
   "source": [
    "data = df\n",
    "data['日期'] = pd.to_datetime(data['日期'],format='%Y/%m/%d')\n",
    "data.dtypes"
   ]
  },
  {
   "cell_type": "markdown",
   "id": "343f63ff",
   "metadata": {},
   "source": [
    "# 时间序列预处理"
   ]
  },
  {
   "cell_type": "markdown",
   "id": "b275a8f3",
   "metadata": {},
   "source": [
    "## 取最近150天的数据进行分析"
   ]
  },
  {
   "cell_type": "code",
   "execution_count": 7,
   "id": "6a9ff04a",
   "metadata": {
    "ExecuteTime": {
     "end_time": "2022-08-03T06:54:16.267154Z",
     "start_time": "2022-08-03T06:54:16.239235Z"
    }
   },
   "outputs": [
    {
     "data": {
      "text/plain": "            日期     股票代码    名称    收盘价    最高价    最低价    开盘价    前收盘    涨跌额  \\\n0   2022-08-03  '000625  长安汽车  18.57  20.88  18.22  20.06  19.93  -1.36   \n1   2022-08-02  '000625  长安汽车  19.93  20.59  19.00  19.66  20.10  -0.17   \n2   2022-08-01  '000625  长安汽车  20.10  20.10  18.01  18.40  18.34   1.76   \n3   2022-07-29  '000625  长安汽车  18.34  18.51  17.61  17.80  17.80   0.54   \n4   2022-07-28  '000625  长安汽车  17.80  18.31  17.21  17.47  17.35   0.45   \n..         ...      ...   ...    ...    ...    ...    ...    ...    ...   \n145 2021-12-27  '000625  长安汽车  15.12  15.46  14.80  15.30  15.39  -0.27   \n146 2021-12-24  '000625  长安汽车  15.39  16.14  15.30  16.12  16.06  -0.67   \n147 2021-12-23  '000625  长安汽车  16.06  16.16  15.95  16.13  16.06    0.0   \n148 2021-12-22  '000625  长安汽车  16.06  16.24  16.01  16.07  15.98   0.08   \n149 2021-12-21  '000625  长安汽车  15.98  16.18  15.90  15.95  15.95   0.03   \n\n         涨跌幅     换手率        成交量          成交金额           总市值          流通市值  \n0    -6.8239  7.0541  536424435  1.055425e+10  1.842478e+11  1.412147e+11  \n1    -0.8458  6.4033  486934323  9.638677e+09  1.977415e+11  1.515568e+11  \n2     9.5965  6.7784  515463044  9.929775e+09  1.994282e+11  1.528495e+11  \n3     3.0337  5.0166  381485655  6.935122e+09  1.819658e+11  1.394657e+11  \n4     2.5937   4.386  333534226  5.942254e+09  1.766080e+11  1.353593e+11  \n..       ...     ...        ...           ...           ...           ...  \n145  -1.7544  1.4601   85411864  1.290471e+09  1.151296e+11  8.844566e+10  \n146  -4.1719  2.0057  117325893  1.826746e+09  1.171855e+11  9.002504e+10  \n147      0.0  1.0187   59588780  9.553644e+08  1.223038e+11  9.394426e+10  \n148   0.5006  0.9882   57806231  9.298260e+08  1.223038e+11  9.394426e+10  \n149   0.1881  1.3817   80822203  1.294222e+09  1.216945e+11  9.347629e+10  \n\n[150 rows x 15 columns]",
      "text/html": "<div>\n<style scoped>\n    .dataframe tbody tr th:only-of-type {\n        vertical-align: middle;\n    }\n\n    .dataframe tbody tr th {\n        vertical-align: top;\n    }\n\n    .dataframe thead th {\n        text-align: right;\n    }\n</style>\n<table border=\"1\" class=\"dataframe\">\n  <thead>\n    <tr style=\"text-align: right;\">\n      <th></th>\n      <th>日期</th>\n      <th>股票代码</th>\n      <th>名称</th>\n      <th>收盘价</th>\n      <th>最高价</th>\n      <th>最低价</th>\n      <th>开盘价</th>\n      <th>前收盘</th>\n      <th>涨跌额</th>\n      <th>涨跌幅</th>\n      <th>换手率</th>\n      <th>成交量</th>\n      <th>成交金额</th>\n      <th>总市值</th>\n      <th>流通市值</th>\n    </tr>\n  </thead>\n  <tbody>\n    <tr>\n      <th>0</th>\n      <td>2022-08-03</td>\n      <td>'000625</td>\n      <td>长安汽车</td>\n      <td>18.57</td>\n      <td>20.88</td>\n      <td>18.22</td>\n      <td>20.06</td>\n      <td>19.93</td>\n      <td>-1.36</td>\n      <td>-6.8239</td>\n      <td>7.0541</td>\n      <td>536424435</td>\n      <td>1.055425e+10</td>\n      <td>1.842478e+11</td>\n      <td>1.412147e+11</td>\n    </tr>\n    <tr>\n      <th>1</th>\n      <td>2022-08-02</td>\n      <td>'000625</td>\n      <td>长安汽车</td>\n      <td>19.93</td>\n      <td>20.59</td>\n      <td>19.00</td>\n      <td>19.66</td>\n      <td>20.10</td>\n      <td>-0.17</td>\n      <td>-0.8458</td>\n      <td>6.4033</td>\n      <td>486934323</td>\n      <td>9.638677e+09</td>\n      <td>1.977415e+11</td>\n      <td>1.515568e+11</td>\n    </tr>\n    <tr>\n      <th>2</th>\n      <td>2022-08-01</td>\n      <td>'000625</td>\n      <td>长安汽车</td>\n      <td>20.10</td>\n      <td>20.10</td>\n      <td>18.01</td>\n      <td>18.40</td>\n      <td>18.34</td>\n      <td>1.76</td>\n      <td>9.5965</td>\n      <td>6.7784</td>\n      <td>515463044</td>\n      <td>9.929775e+09</td>\n      <td>1.994282e+11</td>\n      <td>1.528495e+11</td>\n    </tr>\n    <tr>\n      <th>3</th>\n      <td>2022-07-29</td>\n      <td>'000625</td>\n      <td>长安汽车</td>\n      <td>18.34</td>\n      <td>18.51</td>\n      <td>17.61</td>\n      <td>17.80</td>\n      <td>17.80</td>\n      <td>0.54</td>\n      <td>3.0337</td>\n      <td>5.0166</td>\n      <td>381485655</td>\n      <td>6.935122e+09</td>\n      <td>1.819658e+11</td>\n      <td>1.394657e+11</td>\n    </tr>\n    <tr>\n      <th>4</th>\n      <td>2022-07-28</td>\n      <td>'000625</td>\n      <td>长安汽车</td>\n      <td>17.80</td>\n      <td>18.31</td>\n      <td>17.21</td>\n      <td>17.47</td>\n      <td>17.35</td>\n      <td>0.45</td>\n      <td>2.5937</td>\n      <td>4.386</td>\n      <td>333534226</td>\n      <td>5.942254e+09</td>\n      <td>1.766080e+11</td>\n      <td>1.353593e+11</td>\n    </tr>\n    <tr>\n      <th>...</th>\n      <td>...</td>\n      <td>...</td>\n      <td>...</td>\n      <td>...</td>\n      <td>...</td>\n      <td>...</td>\n      <td>...</td>\n      <td>...</td>\n      <td>...</td>\n      <td>...</td>\n      <td>...</td>\n      <td>...</td>\n      <td>...</td>\n      <td>...</td>\n      <td>...</td>\n    </tr>\n    <tr>\n      <th>145</th>\n      <td>2021-12-27</td>\n      <td>'000625</td>\n      <td>长安汽车</td>\n      <td>15.12</td>\n      <td>15.46</td>\n      <td>14.80</td>\n      <td>15.30</td>\n      <td>15.39</td>\n      <td>-0.27</td>\n      <td>-1.7544</td>\n      <td>1.4601</td>\n      <td>85411864</td>\n      <td>1.290471e+09</td>\n      <td>1.151296e+11</td>\n      <td>8.844566e+10</td>\n    </tr>\n    <tr>\n      <th>146</th>\n      <td>2021-12-24</td>\n      <td>'000625</td>\n      <td>长安汽车</td>\n      <td>15.39</td>\n      <td>16.14</td>\n      <td>15.30</td>\n      <td>16.12</td>\n      <td>16.06</td>\n      <td>-0.67</td>\n      <td>-4.1719</td>\n      <td>2.0057</td>\n      <td>117325893</td>\n      <td>1.826746e+09</td>\n      <td>1.171855e+11</td>\n      <td>9.002504e+10</td>\n    </tr>\n    <tr>\n      <th>147</th>\n      <td>2021-12-23</td>\n      <td>'000625</td>\n      <td>长安汽车</td>\n      <td>16.06</td>\n      <td>16.16</td>\n      <td>15.95</td>\n      <td>16.13</td>\n      <td>16.06</td>\n      <td>0.0</td>\n      <td>0.0</td>\n      <td>1.0187</td>\n      <td>59588780</td>\n      <td>9.553644e+08</td>\n      <td>1.223038e+11</td>\n      <td>9.394426e+10</td>\n    </tr>\n    <tr>\n      <th>148</th>\n      <td>2021-12-22</td>\n      <td>'000625</td>\n      <td>长安汽车</td>\n      <td>16.06</td>\n      <td>16.24</td>\n      <td>16.01</td>\n      <td>16.07</td>\n      <td>15.98</td>\n      <td>0.08</td>\n      <td>0.5006</td>\n      <td>0.9882</td>\n      <td>57806231</td>\n      <td>9.298260e+08</td>\n      <td>1.223038e+11</td>\n      <td>9.394426e+10</td>\n    </tr>\n    <tr>\n      <th>149</th>\n      <td>2021-12-21</td>\n      <td>'000625</td>\n      <td>长安汽车</td>\n      <td>15.98</td>\n      <td>16.18</td>\n      <td>15.90</td>\n      <td>15.95</td>\n      <td>15.95</td>\n      <td>0.03</td>\n      <td>0.1881</td>\n      <td>1.3817</td>\n      <td>80822203</td>\n      <td>1.294222e+09</td>\n      <td>1.216945e+11</td>\n      <td>9.347629e+10</td>\n    </tr>\n  </tbody>\n</table>\n<p>150 rows × 15 columns</p>\n</div>"
     },
     "execution_count": 7,
     "metadata": {},
     "output_type": "execute_result"
    }
   ],
   "source": [
    "data = data.head(150)\n",
    "data"
   ]
  },
  {
   "cell_type": "code",
   "execution_count": 8,
   "outputs": [
    {
     "data": {
      "text/plain": "            日期     股票代码    名称    收盘价    最高价    最低价    开盘价    前收盘    涨跌额  \\\n0   2021-12-21  '000625  长安汽车  15.98  16.18  15.90  15.95  15.95   0.03   \n1   2021-12-22  '000625  长安汽车  16.06  16.24  16.01  16.07  15.98   0.08   \n2   2021-12-23  '000625  长安汽车  16.06  16.16  15.95  16.13  16.06    0.0   \n3   2021-12-24  '000625  长安汽车  15.39  16.14  15.30  16.12  16.06  -0.67   \n4   2021-12-27  '000625  长安汽车  15.12  15.46  14.80  15.30  15.39  -0.27   \n..         ...      ...   ...    ...    ...    ...    ...    ...    ...   \n145 2022-07-28  '000625  长安汽车  17.80  18.31  17.21  17.47  17.35   0.45   \n146 2022-07-29  '000625  长安汽车  18.34  18.51  17.61  17.80  17.80   0.54   \n147 2022-08-01  '000625  长安汽车  20.10  20.10  18.01  18.40  18.34   1.76   \n148 2022-08-02  '000625  长安汽车  19.93  20.59  19.00  19.66  20.10  -0.17   \n149 2022-08-03  '000625  长安汽车  18.57  20.88  18.22  20.06  19.93  -1.36   \n\n         涨跌幅     换手率        成交量          成交金额           总市值          流通市值  \n0     0.1881  1.3817   80822203  1.294222e+09  1.216945e+11  9.347629e+10  \n1     0.5006  0.9882   57806231  9.298260e+08  1.223038e+11  9.394426e+10  \n2        0.0  1.0187   59588780  9.553644e+08  1.223038e+11  9.394426e+10  \n3    -4.1719  2.0057  117325893  1.826746e+09  1.171855e+11  9.002504e+10  \n4    -1.7544  1.4601   85411864  1.290471e+09  1.151296e+11  8.844566e+10  \n..       ...     ...        ...           ...           ...           ...  \n145   2.5937   4.386  333534226  5.942254e+09  1.766080e+11  1.353593e+11  \n146   3.0337  5.0166  381485655  6.935122e+09  1.819658e+11  1.394657e+11  \n147   9.5965  6.7784  515463044  9.929775e+09  1.994282e+11  1.528495e+11  \n148  -0.8458  6.4033  486934323  9.638677e+09  1.977415e+11  1.515568e+11  \n149  -6.8239  7.0541  536424435  1.055425e+10  1.842478e+11  1.412147e+11  \n\n[150 rows x 15 columns]",
      "text/html": "<div>\n<style scoped>\n    .dataframe tbody tr th:only-of-type {\n        vertical-align: middle;\n    }\n\n    .dataframe tbody tr th {\n        vertical-align: top;\n    }\n\n    .dataframe thead th {\n        text-align: right;\n    }\n</style>\n<table border=\"1\" class=\"dataframe\">\n  <thead>\n    <tr style=\"text-align: right;\">\n      <th></th>\n      <th>日期</th>\n      <th>股票代码</th>\n      <th>名称</th>\n      <th>收盘价</th>\n      <th>最高价</th>\n      <th>最低价</th>\n      <th>开盘价</th>\n      <th>前收盘</th>\n      <th>涨跌额</th>\n      <th>涨跌幅</th>\n      <th>换手率</th>\n      <th>成交量</th>\n      <th>成交金额</th>\n      <th>总市值</th>\n      <th>流通市值</th>\n    </tr>\n  </thead>\n  <tbody>\n    <tr>\n      <th>0</th>\n      <td>2021-12-21</td>\n      <td>'000625</td>\n      <td>长安汽车</td>\n      <td>15.98</td>\n      <td>16.18</td>\n      <td>15.90</td>\n      <td>15.95</td>\n      <td>15.95</td>\n      <td>0.03</td>\n      <td>0.1881</td>\n      <td>1.3817</td>\n      <td>80822203</td>\n      <td>1.294222e+09</td>\n      <td>1.216945e+11</td>\n      <td>9.347629e+10</td>\n    </tr>\n    <tr>\n      <th>1</th>\n      <td>2021-12-22</td>\n      <td>'000625</td>\n      <td>长安汽车</td>\n      <td>16.06</td>\n      <td>16.24</td>\n      <td>16.01</td>\n      <td>16.07</td>\n      <td>15.98</td>\n      <td>0.08</td>\n      <td>0.5006</td>\n      <td>0.9882</td>\n      <td>57806231</td>\n      <td>9.298260e+08</td>\n      <td>1.223038e+11</td>\n      <td>9.394426e+10</td>\n    </tr>\n    <tr>\n      <th>2</th>\n      <td>2021-12-23</td>\n      <td>'000625</td>\n      <td>长安汽车</td>\n      <td>16.06</td>\n      <td>16.16</td>\n      <td>15.95</td>\n      <td>16.13</td>\n      <td>16.06</td>\n      <td>0.0</td>\n      <td>0.0</td>\n      <td>1.0187</td>\n      <td>59588780</td>\n      <td>9.553644e+08</td>\n      <td>1.223038e+11</td>\n      <td>9.394426e+10</td>\n    </tr>\n    <tr>\n      <th>3</th>\n      <td>2021-12-24</td>\n      <td>'000625</td>\n      <td>长安汽车</td>\n      <td>15.39</td>\n      <td>16.14</td>\n      <td>15.30</td>\n      <td>16.12</td>\n      <td>16.06</td>\n      <td>-0.67</td>\n      <td>-4.1719</td>\n      <td>2.0057</td>\n      <td>117325893</td>\n      <td>1.826746e+09</td>\n      <td>1.171855e+11</td>\n      <td>9.002504e+10</td>\n    </tr>\n    <tr>\n      <th>4</th>\n      <td>2021-12-27</td>\n      <td>'000625</td>\n      <td>长安汽车</td>\n      <td>15.12</td>\n      <td>15.46</td>\n      <td>14.80</td>\n      <td>15.30</td>\n      <td>15.39</td>\n      <td>-0.27</td>\n      <td>-1.7544</td>\n      <td>1.4601</td>\n      <td>85411864</td>\n      <td>1.290471e+09</td>\n      <td>1.151296e+11</td>\n      <td>8.844566e+10</td>\n    </tr>\n    <tr>\n      <th>...</th>\n      <td>...</td>\n      <td>...</td>\n      <td>...</td>\n      <td>...</td>\n      <td>...</td>\n      <td>...</td>\n      <td>...</td>\n      <td>...</td>\n      <td>...</td>\n      <td>...</td>\n      <td>...</td>\n      <td>...</td>\n      <td>...</td>\n      <td>...</td>\n      <td>...</td>\n    </tr>\n    <tr>\n      <th>145</th>\n      <td>2022-07-28</td>\n      <td>'000625</td>\n      <td>长安汽车</td>\n      <td>17.80</td>\n      <td>18.31</td>\n      <td>17.21</td>\n      <td>17.47</td>\n      <td>17.35</td>\n      <td>0.45</td>\n      <td>2.5937</td>\n      <td>4.386</td>\n      <td>333534226</td>\n      <td>5.942254e+09</td>\n      <td>1.766080e+11</td>\n      <td>1.353593e+11</td>\n    </tr>\n    <tr>\n      <th>146</th>\n      <td>2022-07-29</td>\n      <td>'000625</td>\n      <td>长安汽车</td>\n      <td>18.34</td>\n      <td>18.51</td>\n      <td>17.61</td>\n      <td>17.80</td>\n      <td>17.80</td>\n      <td>0.54</td>\n      <td>3.0337</td>\n      <td>5.0166</td>\n      <td>381485655</td>\n      <td>6.935122e+09</td>\n      <td>1.819658e+11</td>\n      <td>1.394657e+11</td>\n    </tr>\n    <tr>\n      <th>147</th>\n      <td>2022-08-01</td>\n      <td>'000625</td>\n      <td>长安汽车</td>\n      <td>20.10</td>\n      <td>20.10</td>\n      <td>18.01</td>\n      <td>18.40</td>\n      <td>18.34</td>\n      <td>1.76</td>\n      <td>9.5965</td>\n      <td>6.7784</td>\n      <td>515463044</td>\n      <td>9.929775e+09</td>\n      <td>1.994282e+11</td>\n      <td>1.528495e+11</td>\n    </tr>\n    <tr>\n      <th>148</th>\n      <td>2022-08-02</td>\n      <td>'000625</td>\n      <td>长安汽车</td>\n      <td>19.93</td>\n      <td>20.59</td>\n      <td>19.00</td>\n      <td>19.66</td>\n      <td>20.10</td>\n      <td>-0.17</td>\n      <td>-0.8458</td>\n      <td>6.4033</td>\n      <td>486934323</td>\n      <td>9.638677e+09</td>\n      <td>1.977415e+11</td>\n      <td>1.515568e+11</td>\n    </tr>\n    <tr>\n      <th>149</th>\n      <td>2022-08-03</td>\n      <td>'000625</td>\n      <td>长安汽车</td>\n      <td>18.57</td>\n      <td>20.88</td>\n      <td>18.22</td>\n      <td>20.06</td>\n      <td>19.93</td>\n      <td>-1.36</td>\n      <td>-6.8239</td>\n      <td>7.0541</td>\n      <td>536424435</td>\n      <td>1.055425e+10</td>\n      <td>1.842478e+11</td>\n      <td>1.412147e+11</td>\n    </tr>\n  </tbody>\n</table>\n<p>150 rows × 15 columns</p>\n</div>"
     },
     "execution_count": 8,
     "metadata": {},
     "output_type": "execute_result"
    }
   ],
   "source": [
    "data.index=data.index[::-1]#反转列标签\n",
    "data = data[::-1]\n",
    "data"
   ],
   "metadata": {
    "collapsed": false,
    "pycharm": {
     "name": "#%%\n"
    }
   }
  },
  {
   "cell_type": "code",
   "execution_count": 9,
   "outputs": [
    {
     "data": {
      "text/plain": "0      15.98\n1      16.06\n2      16.06\n3      15.39\n4      15.12\n       ...  \n145    17.80\n146    18.34\n147    20.10\n148    19.93\n149    18.57\nName: 收盘价, Length: 150, dtype: float64"
     },
     "execution_count": 9,
     "metadata": {},
     "output_type": "execute_result"
    }
   ],
   "source": [
    "dataUtil = data.loc[:, '收盘价']\n",
    "dataUtil"
   ],
   "metadata": {
    "collapsed": false,
    "pycharm": {
     "name": "#%%\n"
    }
   }
  },
  {
   "cell_type": "markdown",
   "id": "5c432349",
   "metadata": {},
   "source": [
    "# 模型的建立的和求解"
   ]
  },
  {
   "cell_type": "markdown",
   "id": "bd1081a9",
   "metadata": {},
   "source": [
    "## 时序图检验"
   ]
  },
  {
   "cell_type": "code",
   "execution_count": 10,
   "id": "9c397370",
   "metadata": {
    "ExecuteTime": {
     "end_time": "2022-08-03T07:00:52.031676Z",
     "start_time": "2022-08-03T07:00:51.911375Z"
    }
   },
   "outputs": [
    {
     "data": {
      "text/plain": "<Figure size 1500x900 with 1 Axes>",
